"ácido",0.999999999999999,0.018292024890935,0.00698233830034182,0.0134680242856595,0.00404396366330982,0.00645353391155586,0.00331650778083329,0.00588414439184231,0.012490856990287,0.0105837077872594,0.00338118399910559,0.0148142074852394,0.00292670703116655,0.00593238274602335,0.00333373369272068,0.00965471216364392,0.0126443088225088,0.00234434746230548,0.0490942603202401,0.0165795177629905,0.025966819391644,0.00946139135394734,0.0298237166186967,0.00351346470262956,0.00236966104790318,0.0032507949954647,0.00612629392010624,0.0177023314213911,0.00742117650188026,0.00448460447863016,0.00406829986703215,0.00247910043457842,0.00529433578138178,0.00589806299053095,0.016791594506819,0.00460560535649098,0.00423044224960185,0.00400738943447567,0.0403250193939566,0.0150033248131534,0.00710650071517533,0.00284558462764713,0.00636720394077866,0.00228180525535764,0.00582919154862557,0.0237676003981406,0.0164751931262709,0.0036321621242856,0.0361474241394093,0.00381071931884605,0.00361261259532049,0.00414359780326171,0.0151445838557164,0.00445230037531751,0.00679336483955974,0.00254291987256567,0.00520443871488886,0.0126255062941034,0.00674146071561589,0.00865349247037497,0.0226076244349378,0.0048238618057663,0.0198307069821861,0.00385599898056574,0.00346623832330559,0.00558678784674959,0.00739858022548976,0.00806699034584698,0.0121722499192357,0.00294708762681383,0.0034418777313973,0.00617814010166737,0.00478494066862602,0.00506557167225103,0.00678504020954276,0.00629016900461569,0.00326964028599699,0.0279021221030911,0.013070257838749,0.00761409889752696,0.0296855171566328,0.00628585546276942
"aire",0.018292024890935,1,0.0132178955024529,0.00370828370741788,0.0119401247090824,0.00429699843496409,0.017415086288355,0.00815051929804383,0.0081793763524737,0.0476451092388731,0.00628366094120613,0.00504405054903812,0.00815275742064819,0.021432989792139,0.00852994229404764,0.00712791331868289,0.00433426564540387,0.0103086461659349,0.0102525672493671,0.00630432147025888,0.00451024878614065,0.0311016078943692,0.00716648583396584,0.00398601590916872,0.00525542998949517,0.00571829445326447,0.0125089298973505,0.0101067022461286,0.00375462959946823,0.00758917588123931,0.0117715915665431,0.00409524212206459,0.00432541410820309,0.00371488763709589,0.00660471981187191,0.00826911539048757,0.0248913778356761,0.00753091698593871,0.0117935090060587,0.00422740319861297,0.00615195270413752,0.00432808115828861,0.0066239372741332,0.00660355557428707,0.00468141845229236,0.00545326238194694,0.00847440137284687,0.00713790793286842,0.0401861534821402,0.0111253085679071,0.00694412895738488,0.0262322310294705,0.00614888849702572,0.00635795705886597,0.0268866690107168,0.0078390224130268,0.00676061165970269,0.00995207644523892,0.00340481106244709,0.0190357632415876,0.00982692052305725,0.00561566473656092,0.0178917758837447,0.00473331160794437,0.0325404570742631,0.00350282844319927,0.00591700035749116,0.00765964406760844,0.00646586216528351,0.00446662867435316,0.0111867508472526,0.0272197731977306,0.0146771250885292,0.00601510530617418,0.0165224889136899,0.0038311748392104,0.00378345088174394,0.0183152150329128,0.0052790283880964,0.0120045799535272,0.0257998433024661,0.0107502587375158
"animal",0.00698233830034182,0.0132178955024529,1,0.00493214620686334,0.00718089578749714,0.00408680184727633,0.00338738147778919,0.0052777700964919,0.00358329254049695,0.0328671954123172,0.0580379037699933,0.0136816110432948,0.00253255614002036,0.0104254035088699,0.0620445514815911,0.00778145406976288,0.00618626234950994,0.00363857559407495,0.00839888571451346,0.00417319260773107,0.0133925928527489,0.0116735800036675,0.0169424428187357,0.00304727143086596,0.00286129887741844,0.0100159074628307,0.0134276619077826,0.00664513492407446,0.00435646510108852,0.00429470372210511,0.00414158546600028,0.00405010826377729,0.00608656679933733,0.00410342939428214,0.00455350302547083,0.0151510425855699,0.00402470471089174,0.0103312142029821,0.0145836706232632,0.00440849241033864,0.00336626085402561,0.00626691358859091,0.021753669365551,0.00648584671870758,0.00490331278151866,0.0215718350119407,0.0123103559794194,0.0644946288252186,0.0061992133380344,0.00688191492817902,0.0557498597192457,0.00698717114421301,0.0143884865574175,0.0132739704190069,0.00696230487728835,0.00304544515610124,0.00553524888402935,0.0175313352504737,0.00876030974163466,0.00756539237802597,0.00925943741238128,0.0101618826611808,0.0202233162970539,0.0111785638872614,0.0361080499063717,0.00493115745327302,0.00602087560508615,0.00680701269880898,0.0573515497877601,0.0168607059791202,0.00646834908722287,0.0148048397185425,0.011578017892402,0.00580690372495963,0.0069655088929561,0.0597756622515721,0.00388258885032149,0.0224455786680122,0.00812593874416638,0.00599018519066664,0.00489434339760471,0.00793949003591209
"arma",0.0134680242856595,0.00370828370741788,0.00493214620686334,1,0.00392390498677199,0.0119698715077883,0.00793323163406399,0.0118119176839252,0.0470850635278886,0.00587579064226911,0.00262278327518884,0.0287050146566134,0.00363709104711599,0.0101092338747631,0.00550794175071835,0.00601852057131998,0.0158360292277076,0.00330420903634053,0.00196553570426567,0.00445932462038341,0.023101577072317,0.00914807089236592,0.00219086532523246,0.011323944636279,0.00399651157741393,0.0232509973666812,0.00341164749773674,0.00179683734219402,0.0348761934824768,0.00582070376183477,0.0065531035571808,0.0101010743779173,0.00447580851324718,0.0068322258266189,0.0112647474292369,0.00503633147518349,0.00355833091895386,0.00580528418606963,0.00187107158754197,0.023226841600491,0.00492554906224501,0.00276895494053485,0.0163894733611181,0.00345642131541712,0.0052252384395407,0.0018798268269471,0.00141320116134711,0.00580903374368549,0.00467982745607559,0.00289866648869731,0.00292085257424367,0.00320495444157927,0.0109551950076094,0.00467916399062242,0.00785492359939792,0.00390805201902318,0.013031553314718,0.00869559259715401,0.0331151258844638,0.0196748488977514,0.00165374030379661,0.00537025935774621,0.00634804002173039,0.0276423883323399,0.00465896050198674,0.0509919420809702,0.0363330553025329,0.00987337176963439,0.00660430239491721,0.00844336913874411,0.00463108380119521,0.0223711702224854,0.00338067829274069,0.00316771840502575,0.0093072823585086,0.0131247637149267,0.0204260680825996,0.00200855107277514,0.0485294608610825,0.0170663709527981,0.0108060932995735,0.00544834836515264
"arte",0.00404396366330982,0.0119401247090824,0.00718089578749714,0.00392390498677199,0.999999999999999,0.0141882865820549,0.00503416334866813,0.00428447716735686,0.00349166848940689,0.00821508540459437,0.00395664406474047,0.00338125617299836,0.0146159333253557,0.00963947584797225,0.00746433810846536,0.0040013456910531,0.00307257516425342,0.0441559055185035,0.00324296276613704,0.0125739952589396,0.00460339834668178,0.005440680624891,0.009329115363804,0.0109482279263774,0.00596129385917496,0.0139215979867261,0.00846850349324459,0.00771600136723656,0.00584816003947802,0.0153774258274671,0.0136423894895449,0.00760529423944056,0.0176343236496297,0.00751952828594667,0.00653048782996752,0.00907844032565592,0.0456183280747782,0.032028353079052,0.007680545033402,0.0052988359756145,0.0147276025149456,0.010748113916503,0.00835468005556093,0.033374075353477,0.0386406736577361,0.00371788213852239,0.00307642048230724,0.00779600126796962,0.0118202709074287,0.0210908211537954,0.0062332016891695,0.0447255355175825,0.00654665727747599,0.0115129565606959,0.0134642059465123,0.0148288088900557,0.033731014783555,0.0191991002448274,0.00340938733469842,0.0100680461008464,0.00668149819398459,0.00697434967554758,0.0121098581005027,0.00738231287967398,0.0187784930667795,0.00374993311602741,0.00364712294388552,0.0135455143623584,0.00357681595016613,0.0155624589110798,0.0154541056767476,0.00992969190166161,0.0221920210737284,0.0098079833658588,0.010637447244555,0.0041580736792948,0.00596622319478016,0.00534365319158782,0.00332089384831034,0.0204335510208625,0.00613674198978329,0.0190132165857721
"artículo",0.00645353391155586,0.00429699843496409,0.00408680184727633,0.0119698715077883,0.0141882865820549,1,0.0113696782858045,0.00965840925845401,0.0070780103091637,0.003842300386093,0.00277749963445957,0.008856323290892,0.0245185102685174,0.00754326890572946,0.00418077897945522,0.0134834329903122,0.00688136487900403,0.0140056972561974,0.00919742603505425,0.00957032462170941,0.00430528870102012,0.0109690463099893,0.00877992964888748,0.0306536659086476,0.028834922551298,0.019425367293664,0.00580209326555152,0.00742322455678513,0.0113274772511584,0.0430066604582961,0.00921148879887959,0.0290813235105678,0.0218935361905537,0.019883771944015,0.0249848561063969,0.00599695467194755,0.0123588366148787,0.0192373055971661,0.0132292856382286,0.00560708452178043,0.0143659545384902,0.00481051401369485,0.0102099449540731,0.0162913866550091,0.0206111980699264,0.00632497564053551,0.00796827924842473,0.00320004843802078,0.00393567432083834,0.00594208834840423,0.0040310508132699,0.00678921102042774,0.00547617681730326,0.00457640256862217,0.00491148986086748,0.0418721637827666,0.0246423063271366,0.00549844438997635,0.00972765329523965,0.0040711281698959,0.00774790957012165,0.00439565147977516,0.0047079897286332,0.0048620508480983,0.0188786285411383,0.00634176943178294,0.00744125179745813,0.0206919637757177,0.00265733519934943,0.00626726372496047,0.0259294957198423,0.00771013629765945,0.0116471993855442,0.0160122453683135,0.00543143014385789,0.00353394353162572,0.0128800845655912,0.00819963969925585,0.00726216631407948,0.0167224216320106,0.00356132672169404,0.00890239126552832
"ascensor",0.00331650778083328,0.017415086288355,0.00338738147778919,0.00793323163406399,0.00503416334866813,0.0113696782858045,1,0.0229623425543557,0.0159483858670979,0.00464054007124214,0.00289676533256916,0.00604309286546992,0.00441641248831002,0.0152462899299071,0.003103259511084,0.0156699378821135,0.00354119824405786,0.00443431672489308,0.00191289682433367,0.00408709875805121,0.00462458960904737,0.00934426122629213,0.00256990927640504,0.0160060654384958,0.0139910839866191,0.0239981964711464,0.00340133387910011,0.00323802103108296,0.0084562274683737,0.0089189441165996,0.0689896901939978,0.0298965908959721,0.00672123570209707,0.00593232053721687,0.0306498292497489,0.0113831094633921,0.00547087046105259,0.0077424239073626,0.00199379178556396,0.0055335773747968,0.00630381120314372,0.00335107138849958,0.0125141665976485,0.00474333902712589,0.00481465080086555,0.00220103326453887,0.00166033387128547,0.00228145963834071,0.00670239630994922,0.00345659733787511,0.00612759852063327,0.012921355865304,0.013667127010943,0.00436553899526978,0.00717848215638812,0.00470331032929375,0.00666018397892027,0.00708385128809173,0.00463858449953215,0.0161768983003107,0.00208617631918822,0.00583504450622267,0.00348761114100125,0.00440604456751599,0.00342622095348451,0.00770808315742933,0.0145848742302947,0.0367842499960577,0.00682782486759582,0.00375860392387944,0.00689322334388205,0.0311977988850863,0.00422150764824617,0.00952943533451728,0.00865074574667636,0.00265385334418411,0.0201803264145629,0.00334642702147321,0.00784217912744242,0.0405572373330516,0.0127686696494561,0.00590323380097296
"barrera",0.00588414439184231,0.00815051929804383,0.0052777700964919,0.0118119176839252,0.00428447716735686,0.00965840925845401,0.0229623425543557,1,0.0185217255549357,0.013548002609907,0.00281903417524184,0.00820042429817132,0.00470882549735203,0.0312578712869327,0.00497787276293506,0.0262155365342984,0.0186411320061448,0.0051230957693428,0.00529438056996889,0.00565153226812633,0.00624165864544696,0.00671056816142453,0.00296258246439338,0.0135516610854424,0.00669502655307676,0.0391533088829427,0.00444472642985219,0.00222955257496848,0.0111100673993136,0.00564324586000162,0.0230052951310982,0.00925098907330616,0.00613868650757562,0.00831490206957758,0.0206319053300733,0.00503803168276894,0.00883403510079301,0.00502038833903664,0.00256800440495785,0.00760709022182478,0.00782616119996586,0.0035401314520139,0.0100354586124324,0.00677817038828736,0.00432999484124429,0.00246802740671629,0.00242712152124797,0.00604343487586817,0.0120216544095624,0.00513668644149077,0.00327281053016609,0.00429436681330342,0.0130238540949662,0.00346023028228358,0.0132850554367861,0.00469629358790652,0.00698718143462135,0.00582254713136822,0.0318423703942363,0.0157496749198324,0.0020786738237119,0.00682215623573353,0.0144141687104627,0.00923700798252102,0.00424269572177647,0.0233539759744072,0.032961923445309,0.0222846089527176,0.00757744471488211,0.00410393585690022,0.00770290701352968,0.0160617758340288,0.00568445637578164,0.00844648203718716,0.0129147773457706,0.00600347828469379,0.0131346554703736,0.00557646457793217,0.00867272000669064,0.0226582815748251,0.0308529250123071,0.00487441810566547
"bomba",0.012490856990287,0.0081793763524737,0.00358329254049695,0.0470850635278886,0.00349166848940689,0.0070780103091637,0.0159483858670979,0.0185217255549357,1,0.00496830104475857,0.00216170042295623,0.0415799987308918,0.00707191962073286,0.0139736049273517,0.00277414855208387,0.0200796871535631,0.0153044112881561,0.00404450707707525,0.00207044736062916,0.003472812876667,0.0210919565779075,0.00390320936386126,0.00231273562413244,0.00884323292596377,0.00808141558048534,0.0074358135110753,0.00541214903821729,0.00373936839266313,0.0177508524092988,0.00584484310241599,0.0275357034598441,0.0115697500541098,0.00396138743675968,0.00647130258991015,0.0148953412973742,0.00570959931253054,0.00638744064933324,0.0071519602727479,0.00206768331912304,0.02597317372025,0.0048346564439509,0.0025045099456018,0.0112403893362668,0.00301043709738117,0.0052001156216661,0.00204786396569564,0.00158290820379955,0.00300959987087639,0.00921181425292699,0.00421011236094279,0.00256350041849037,0.00446538007352903,0.00958233960240115,0.00322571868778402,0.00754781098505757,0.00497205338999965,0.00709850793466905,0.00696855437780323,0.0192174388485613,0.0183727197803258,0.00179030057570978,0.00367436663317316,0.00444470150548513,0.0166952960190117,0.00499040459481182,0.0347542639593081,0.018649029013974,0.0103293782165641,0.00500315674955992,0.0054821325386219,0.00385918678607549,0.0353875739615032,0.00289637274975433,0.003555938399023,0.0112359075505427,0.00526083189984923,0.0099589283341533,0.0034115916446448,0.0385529122347801,0.0178260867990558,0.0441146316380394,0.00464597122539892
"bosque",0.0105837077872594,0.0476451092388731,0.0328671954123172,0.00587579064226911,0.00821508540459437,0.003842300386093,0.00464054007124214,0.013548002609907,0.00496830104475857,1,0.0155413619063429,0.00670564651050573,0.0052634680801282,0.01444697198155,0.00969702872941447,0.00643284853885823,0.00433972289142114,0.00494548796210191,0.0107050540154307,0.00757904043229458,0.00726748321487111,0.0150278584647042,0.0145450335372193,0.00326831457252478,0.00310115941423138,0.00582745030242343,0.00489079753509288,0.00659371112390534,0.00778833869899737,0.00597042687526122,0.00845076822991591,0.00295139386763428,0.00524858139266023,0.00308853775773443,0.00631824447344152,0.00591816067854936,0.0118274962244927,0.0181700480941179,0.0277251693326977,0.00663000761767634,0.00429271275672065,0.0046007029873228,0.00804118760042044,0.00386275413363914,0.00362841590365328,0.00917063890539759,0.0228000370428652,0.0212148393646478,0.0369074986615641,0.00431348014444082,0.0125175887168348,0.0116593002736437,0.00585845948071179,0.00538129790620566,0.0287145424495945,0.0040395738996147,0.0111278647667246,0.00806748734343827,0.00803022921345152,0.0322387758033035,0.00848936516316608,0.0051756713268001,0.0071248470417603,0.00498634081648903,0.0160255502849441,0.00519212274588486,0.00784184270027553,0.0117077419030219,0.0185191679157831,0.00695745685596183,0.0048394542297757,0.0147587554069725,0.00511351819901121,0.00477888550204313,0.0433673223510888,0.0083055373295633,0.00375584669798755,0.0416587683331865,0.00767725170975408,0.00697884273220099,0.0273521265330903,0.0084660017466319
"cachorro",0.00338118399910559,0.00628366094120613,0.0580379037699933,0.00262278327518884,0.00395664406474047,0.00277749963445957,0.00289676533256915,0.00281903417524184,0.00216170042295623,0.0155413619063429,0.999999999999999,0.0040800249145609,0.00237945373989377,0.0119051648284877,0.0314913564025986,0.0033907564923439,0.00300964161025291,0.00296343969279099,0.00376845509707665,0.00340216434211092,0.00631636512241569,0.0043259298939231,0.0138964855592241,0.00246868466277628,0.0027178080310035,0.00577034914955767,0.00443972579756573,0.00973880787368763,0.00253860265910958,0.00565886604297525,0.00622998806394734,0.0053861071875845,0.00973619090110796,0.0032753380071846,0.00305702569558479,0.0305045034039467,0.00377743106622905,0.016680370497153,0.00619844476745743,0.00298678496775254,0.00363733328292766,0.0118350163085006,0.0126029158332061,0.00517508541040841,0.00362634136527403,0.0370868137913194,0.00486532257451159,0.0570559148521591,0.00451523533876714,0.00335771405386487,0.0774519458204433,0.00490390804660292,0.00749379272686246,0.0409900750150481,0.00392232248091959,0.00469890610094211,0.00320943481701405,0.0107363881678527,0.00347194176327858,0.00365544880292483,0.00640527625878904,0.0157037470193467,0.015555035066951,0.00391594381449531,0.011327900361472,0.00324674628179432,0.00288423264136096,0.00858478495208135,0.0244867068514189,0.0108799664103341,0.0042731842624535,0.00715190684140405,0.00329544645236759,0.00448686303655038,0.00384281370980315,0.023499771129213,0.00350330233460739,0.0055050924980413,0.00723095168809002,0.00493187446393191,0.00255362662844437,0.00657834830675289
"cadáver",0.0148142074852394,0.00504405054903812,0.0136816110432948,0.0287050146566134,0.00338125617299836,0.008856323290892,0.00604309286546992,0.00820042429817132,0.0415799987308918,0.00670564651050573,0.0040800249145609,1,0.00524928562207337,0.00880041163840816,0.00745291483200835,0.00449095705159664,0.0585749293715463,0.00321796160952136,0.00247631611534676,0.00293211969861184,0.0322678569177526,0.00460100317192913,0.00291591885514772,0.00461265789559612,0.00325209411267848,0.0160847406334501,0.00620610261096995,0.00216242992586169,0.0386836759365734,0.0120312267388425,0.00498806941451893,0.00370236568135422,0.00433364582243874,0.00708553218055644,0.00566767351260175,0.00839779180587497,0.00328259567299846,0.00989078134705519,0.00220689411873031,0.063001226303328,0.00376358633414129,0.0040063481218671,0.0186649819527123,0.00519516791463545,0.00366371971963015,0.00241603033413933,0.00176685419546773,0.0123724500563927,0.00517381625234557,0.00362191877838436,0.00436578777342242,0.00306965177611489,0.0112007265541919,0.00517978059838847,0.0150876644518891,0.00674253416445039,0.0140348310393511,0.0113016284424087,0.0252571774467014,0.0201648476988223,0.00201037529007016,0.0115879936057811,0.0153401979371746,0.0118409336986585,0.00704387544893175,0.0334017664637817,0.0234062497555655,0.00390259215445637,0.0173004823587417,0.0059786829209967,0.00399621694785869,0.00603556103105878,0.00443693144882416,0.00315485342492495,0.0140177263875471,0.0259822075528283,0.00802125674341925,0.00327369416350664,0.0615871559595266,0.00505078966409652,0.0182586167103528,0.00414392874831638
"calendario",0.00292670703116655,0.00815275742064819,0.00253255614002036,0.00363709104711599,0.0146159333253557,0.0245185102685174,0.00441641248831002,0.00470882549735203,0.00707191962073286,0.0052634680801282,0.00237945373989377,0.00524928562207337,1,0.00470034815521736,0.00242816749535943,0.00652167126555519,0.00902593923804303,0.0190078767220331,0.0020040361375085,0.00859417410713264,0.00592376457701442,0.00645210560466938,0.00403606552285523,0.0292281195116786,0.0346149809314955,0.00615566696256098,0.00449628375813612,0.0130304798390291,0.00909847458257458,0.0303883938482589,0.0069511298506303,0.0209680869864972,0.034081622336914,0.0499347003032811,0.0122165866400497,0.0124501307263492,0.0332315478832205,0.0175055678987174,0.00298587378478172,0.0102710673419237,0.0401690482412482,0.00632501061641581,0.00719627257436588,0.0077394531788246,0.00489033167590253,0.00282922225298345,0.00193552425627415,0.00200295792801784,0.00737352775670592,0.0137771115167304,0.00268546467301903,0.00755633434331857,0.0132806594797109,0.00496765796330477,0.0144824448626067,0.0352240078796364,0.0168568287153434,0.00696574108169584,0.00594034925103307,0.00527247312628415,0.00322723191341924,0.0059152938206633,0.00380541727019085,0.00311618971959685,0.0101768685153891,0.00474248271099683,0.00699299339185665,0.00810239669260262,0.00218748806303257,0.0053654315498066,0.00729152402455924,0.00478074530313054,0.00403605865119465,0.00844502853846122,0.00357240503351192,0.00209879589241184,0.0124010468691169,0.0022974439683437,0.00515885186858978,0.00609632727105389,0.00557575167655107,0.0101116350903087
"calle",0.00593238274602335,0.021432989792139,0.0104254035088699,0.0101092338747631,0.00963947584797225,0.00754326890572946,0.0152462899299071,0.0312578712869327,0.0139736049273517,0.01444697198155,0.0119051648284877,0.00880041163840816,0.00470034815521736,1,0.00818904162776335,0.0485978629090397,0.00523655595614185,0.00759525655811141,0.00306761023332691,0.0163094868662801,0.00820652272019073,0.00592784805650385,0.00586436656937183,0.0111813835649296,0.0248771161243331,0.00970930285200028,0.00743912392640535,0.00561931233779565,0.0134492771452493,0.0118408527549857,0.0382255721422936,0.0123113538107988,0.00609831614435542,0.00381369104563224,0.0177736174581955,0.007604196840024,0.0146956053388843,0.0088611307623217,0.00426509316024141,0.00781106270786105,0.00547983982787112,0.00439192244415981,0.0146627324416006,0.00399809992130189,0.00464686415707981,0.00511193835990127,0.00516069980901265,0.00472445251296689,0.0439118628919439,0.00436193983991514,0.0127659710776785,0.0132757727164162,0.0065533297824373,0.0110923783726609,0.0292378230468469,0.0046994972579413,0.00731234744227396,0.00625655564326128,0.0117536753346599,0.0330611709520903,0.00388568275234168,0.0050197206787819,0.00493684375679701,0.00532239016684306,0.00561926836119108,0.0175992331217011,0.0183377722863489,0.0157823069998725,0.0280204635506635,0.00389590187860257,0.010405054934389,0.0374439667233701,0.00636298284113722,0.00629676708464769,0.0299195028691757,0.0046753032189139,0.00958287898839858,0.00412269074272216,0.0186149217480196,0.0161910969261979,0.00995349317568238,0.00515139083914256
"camello",0.00333373369272068,0.00852994229404764,0.0620445514815911,0.00550794175071835,0.00746433810846536,0.00418077897945522,0.003103259511084,0.00497787276293506,0.00277414855208387,0.00969702872941447,0.0314913564025986,0.00745291483200835,0.00242816749535943,0.00818904162776335,1,0.0114896995203354,0.00281959041180827,0.00301087773105997,0.00371470964940636,0.00298647658306428,0.00563558837087162,0.00762027104299458,0.0107529186187296,0.00263867206299868,0.00686713408083533,0.0146577084956765,0.0119518817125456,0.00450920782972089,0.00459841757649291,0.00568255506190766,0.00367103321872635,0.0194951650947968,0.00329646273861161,0.00255136681536312,0.00344068442614453,0.00554471047852358,0.00316818764361209,0.0124209211178562,0.00704484487178489,0.00307625691417662,0.00264414231410668,0.00409704789974934,0.0117600828149013,0.00477333178432321,0.0087208806868614,0.0101365767418983,0.0103902534936353,0.0455806307961205,0.00453483243047704,0.00787271601274766,0.0315874784697816,0.00375393488418835,0.00477852353693992,0.0057446170115008,0.00892259069878837,0.00255360255508899,0.0115212164102736,0.0175266570426414,0.00414398517084937,0.00471883744791305,0.00367248976355372,0.00571989835778874,0.0146956861303865,0.00926536109460066,0.0111999046736458,0.00331411231232718,0.00560575951581102,0.00751316622369747,0.0337266203799648,0.0208022053925691,0.00414575526199495,0.00839349624625824,0.00522433526214421,0.010857526693955,0.0116232109323199,0.0441039366786546,0.00305437882386483,0.0106705068173758,0.00417832892095465,0.00326251494729791,0.00457068682161342,0.00376840015293303
"camión",0.00965471216364392,0.00712791331868289,0.00778145406976288,0.00601852057131998,0.0040013456910531,0.0134834329903122,0.0156699378821135,0.0262155365342984,0.0200796871535631,0.00643284853885823,0.0033907564923439,0.00449095705159664,0.00652167126555519,0.0485978629090397,0.0114896995203354,1,0.00414865279093693,0.00394377948848188,0.0101031961690017,0.0221581528939072,0.00363741201692849,0.00448449234864213,0.00954456669256062,0.0155580244298602,0.0239906942253814,0.0116504632324352,0.00536109097468522,0.00486147124549549,0.00513191102029107,0.0147094238502547,0.0175689899861469,0.0275925846639464,0.0053580018493414,0.00348794772648916,0.0417488315192521,0.00495741473451778,0.00638495109356052,0.0050607105421905,0.0137073753101569,0.00607998915416998,0.00378518893729173,0.00279091497754058,0.0168408852797146,0.00301695012760988,0.00412112979317013,0.00965236496582443,0.0117586811424366,0.00497880497995052,0.0119952734629011,0.00291439189439468,0.00382899304892615,0.00619844389374412,0.00360994012052105,0.0039111326596088,0.0101269306589743,0.00432514814310472,0.0040189187178375,0.00342906059922408,0.00498771960390709,0.0131731163868793,0.00552960217361235,0.00496205891246234,0.00341765220761671,0.00791275267068161,0.00340105983967814,0.0175917189111513,0.0147002090740046,0.0367863880140583,0.00926575492435165,0.00406823513360663,0.00644154077895794,0.0340999412321848,0.00488634326210107,0.0169896420727999,0.0112678565971537,0.00319068709558004,0.0114620859820407,0.00736581834777787,0.00925097375598098,0.0147162005909037,0.00540824302613707,0.0033461634313593
"cáncer",0.0126443088225088,0.00433426564540387,0.00618626234950994,0.0158360292277076,0.00307257516425342,0.00688136487900403,0.00354119824405786,0.0186411320061448,0.0153044112881561,0.00433972289142114,0.00300964161025291,0.0585749293715463,0.00902593923804303,0.00523655595614185,0.00281959041180827,0.00414865279093693,0.999999999999999,0.00438414447269348,0.00551507819868102,0.00276419958471466,0.0419159817119389,0.00422485560822539,0.00537473368618984,0.00343695522735931,0.00247811531849988,0.00554718531359263,0.0087553725813533,0.0026576961791003,0.00862024546993446,0.00673658703054726,0.00372701804162734,0.00411493834893339,0.00480267259116453,0.0165995290152015,0.00402243984501266,0.0129695353756808,0.00323170246776686,0.00441193825028774,0.00330953224582964,0.0546430747838447,0.00804353179743565,0.00546112155721114,0.0165880586988677,0.00639741228718705,0.00303935278009955,0.00340852243783413,0.00393282544930658,0.00411575198540562,0.00868019838907326,0.00725634052199194,0.00375112252554316,0.0043126974728065,0.0210132165045272,0.00716951651060968,0.00812199837016048,0.00481635295452004,0.00473667371852403,0.0136792664632231,0.0248527870954448,0.0267488306275346,0.00316114014010202,0.013390169684105,0.0298505128061115,0.00544921954731794,0.00338691443991318,0.00829168897185304,0.0117088914078539,0.00330109544775905,0.0044434672739612,0.00375983670573963,0.00458809040173611,0.00752968256110541,0.00354128969313514,0.00337009084336643,0.0130637423968206,0.00636722238919611,0.00434685342775337,0.00774538186568403,0.0495301603727836,0.00693962243183853,0.00671113599851124,0.00586952382478863
"cantante",0.00234434746230548,0.0103086461659349,0.00363857559407495,0.00330420903634053,0.0441559055185035,0.0140056972561974,0.00443431672489308,0.0051230957693428,0.00404450707707525,0.00494548796210191,0.00296343969279099,0.00321796160952136,0.0190078767220331,0.00759525655811141,0.00301087773105997,0.00394377948848188,0.00438414447269348,1,0.00181029376395819,0.0102436783374452,0.00292674261841696,0.00701867260010206,0.00354722805296098,0.0269242587041099,0.0064814494215901,0.0118649760895838,0.0138426718622542,0.00297443745461333,0.00451426402655774,0.0108930794495861,0.00455983843511583,0.00899088542341647,0.0111810686068092,0.00641518865599904,0.00458307108259549,0.00595162320005835,0.0537400796355999,0.0279086279108947,0.00233189659158206,0.00738821810838547,0.0124867406843595,0.0102442932391424,0.021421123846916,0.053538523000504,0.0166600430905197,0.00408464022404949,0.00175365310105953,0.00332895394528365,0.00936197742232204,0.0069426693156638,0.00407698566383765,0.0727027748526559,0.0104960852846074,0.00963826983126717,0.0171439167321255,0.033934718601312,0.0157104874650901,0.0081550330701827,0.00561272854569109,0.00448434802348388,0.00242357087035638,0.00864749681007509,0.00452787311896827,0.00480607917241162,0.00904443248993169,0.00403104514207744,0.00469593327817828,0.00676111442481788,0.00250812651020851,0.0156046491204652,0.0115332453044011,0.0234499604985508,0.0109835995289293,0.00673271686746322,0.0041251416402252,0.0024697096873279,0.00851836225538894,0.00227822436142175,0.00355319048354642,0.00665740086718435,0.00382668951144226,0.0110265971637897
"cebolla",0.0490942603202401,0.0102525672493671,0.00839888571451346,0.00196553570426567,0.00324296276613704,0.00919742603505425,0.00191289682433367,0.00529438056996889,0.00207044736062916,0.0107050540154307,0.00376845509707665,0.00247631611534676,0.0020040361375085,0.00306761023332691,0.00371470964940636,0.0101031961690017,0.00551507819868102,0.00181029376395819,1,0.0213301479030421,0.00349264479110397,0.00513095629297432,0.0581965813845182,0.00180834703226219,0.00188569669842734,0.00311299731322551,0.00337673865622835,0.030047804822238,0.00184201413827098,0.00422458718636436,0.00354470917575846,0.00284488196256284,0.00430365568012688,0.00213378637989603,0.00619235206772406,0.0113255222586675,0.00441279543661679,0.00497888894837384,0.0518475555006862,0.0032824867775948,0.00292669883287672,0.00321631044480767,0.0102947966444347,0.0019407653159705,0.00248804909540212,0.0289688397119363,0.0692640253898311,0.00309258163633846,0.00754509357351357,0.00304859734897347,0.00405065230602343,0.00190913320566455,0.00391997420793003,0.00541351016257561,0.00420792668799055,0.00181415642655396,0.0021360764738959,0.0153552112354469,0.00184371248235176,0.00386479304931432,0.0600393944146049,0.00462852400257273,0.0171875911981257,0.00212924165432127,0.00637770900522335,0.00190712144530916,0.00353813273191358,0.00348101967622457,0.00382111650784831,0.00279437637217019,0.00512294934550541,0.00242609718039226,0.0115723224421663,0.00547991466795795,0.00324162902868498,0.00301285194348978,0.00214281886865882,0.0787515604648469,0.00288617741252268,0.00270300156321303,0.0033948257661711,0.00421779126506387
"cerveza",0.0165795177629905,0.00630432147025888,0.00417319260773107,0.00445932462038341,0.0125739952589396,0.00957032462170941,0.00408709875805121,0.00565153226812633,0.003472812876667,0.00757904043229458,0.00340216434211092,0.00293211969861184,0.00859417410713264,0.0163094868662801,0.00298647658306428,0.0221581528939072,0.00276419958471466,0.0102436783374452,0.0213301479030421,1,0.00379544120115523,0.00888577851171429,0.0394849878014048,0.00405941673025558,0.00389865101360304,0.00352441964217541,0.00752966124437229,0.0161254817976073,0.00538146057777467,0.00849448035665204,0.00878886860621022,0.00376902678346113,0.0127085182936286,0.00426608517055005,0.024036005781621,0.0100553328523114,0.0400069330674329,0.0142817015183859,0.0222884787240158,0.00404608504737644,0.0155965458901446,0.00681372092515509,0.0172178969821496,0.0104110095482429,0.00659864008588149,0.0216583014487759,0.0190239099039488,0.00285597754185366,0.0102859308357869,0.00333370564169547,0.00365537810397996,0.00830355982833781,0.00330777965648358,0.00548289184234578,0.0336561410303504,0.00549568264511,0.00416028497274075,0.0041367625955345,0.00394385893112881,0.00770320314597283,0.0384008138373596,0.0159763481913589,0.00389504332229352,0.0101393683646236,0.003208492601621,0.00686671779619316,0.00500767148642529,0.00813421243368652,0.00405597434092023,0.00768450509536836,0.00437973128667006,0.010379245196386,0.00533218176655205,0.0115944245844169,0.0049625237287407,0.00260839133492336,0.00436666331603923,0.0198772086204149,0.00310365855136701,0.0161213369506562,0.00335323153233343,0.0149032443059823
"cicatriz",0.025966819391644,0.00451024878614065,0.0133925928527489,0.023101577072317,0.00460339834668178,0.00430528870102012,0.00462458960904737,0.00624165864544696,0.0210919565779075,0.00726748321487111,0.0063163651224157,0.0322678569177526,0.00592376457701442,0.00820652272019073,0.00563558837087162,0.00363741201692849,0.0419159817119389,0.00292674261841696,0.00349264479110397,0.00379544120115523,1,0.00678022800211446,0.00326322868904079,0.00538461551973524,0.0025333757908856,0.0100668969991689,0.0218505473963833,0.00238830165677326,0.0168228794671579,0.00355716817644981,0.00427724852271944,0.00326780735133357,0.00707550143373747,0.00655923405153999,0.00617193622022499,0.00623201999722783,0.00295614050188275,0.00554417678953265,0.00340219466132769,0.0164821653008315,0.00354533667802645,0.00674356196035025,0.0110095670537346,0.00352835170244337,0.00504130039066524,0.00346153716786925,0.00216563170992566,0.0146113884597395,0.00501536627887854,0.0160984377600951,0.0100966361723122,0.00283261520492461,0.0155241279915093,0.0135536669606961,0.00940377732904667,0.0043666428458337,0.00525059655631502,0.0261967170137751,0.0154288615711935,0.0114877785745387,0.0022488077799223,0.0100395381023952,0.0449586972574661,0.0259200409268636,0.0110746976347582,0.0141860143484659,0.0136299880984198,0.00573773894623282,0.00749912341043458,0.00711421007073409,0.00688797941518071,0.00861665658857843,0.00723610007370106,0.00375518430922688,0.00897373397062093,0.0187869530475973,0.00576213830879326,0.00315299766422949,0.0338570689890363,0.0257049134822021,0.00689469455110588,0.0122349088298826
"colonia",0.00946139135394734,0.0311016078943692,0.0116735800036675,0.00914807089236592,0.005440680624891,0.0109690463099893,0.00934426122629212,0.00671056816142453,0.00390320936386126,0.0150278584647042,0.0043259298939231,0.00460100317192913,0.00645210560466938,0.00592784805650385,0.00762027104299458,0.00448449234864213,0.00422485560822539,0.00701867260010206,0.00513095629297432,0.00888577851171429,0.00678022800211446,1,0.00689865055332265,0.0123775465970495,0.00825270808573868,0.00533896686446096,0.00670098835105414,0.00954933236867225,0.00558763152794651,0.0086252660480459,0.0113581259777504,0.0127090045337189,0.00617697779194701,0.00537504259250368,0.0129373967781134,0.00979298139011636,0.0111004712998107,0.00621035057845221,0.00887004155331895,0.00388021183383973,0.00938878048730299,0.00435437681061918,0.0214661685347761,0.00972025292096956,0.0110183663731336,0.00403705191437415,0.00330490357941202,0.0080346469271629,0.0136575859985226,0.0185624888707444,0.00924125779615685,0.00837568894059366,0.00718504127655414,0.0114228445630909,0.0174354503263578,0.00776821496653379,0.00809791229128252,0.00425665125875655,0.0120224405502209,0.00502339012536268,0.00734341593200669,0.0122762075487085,0.0217222378151728,0.021959631209215,0.00827700678808237,0.00682190005258756,0.0109527368053233,0.0210039629707315,0.011048217669714,0.0298741023988527,0.0184808567632916,0.00713315215765058,0.0267036065862214,0.0057492244152399,0.00467894226284804,0.00660826872485077,0.0111486674242658,0.00447430184089429,0.00510839103870167,0.00733042458960436,0.00717801822209607,0.00467744449002113
"comida",0.0298237166186967,0.00716648583396584,0.0169424428187357,0.00219086532523246,0.009329115363804,0.00877992964888748,0.00256990927640504,0.00296258246439338,0.00231273562413244,0.0145450335372193,0.0138964855592241,0.00291591885514772,0.00403606552285523,0.00586436656937182,0.0107529186187296,0.00954456669256062,0.00537473368618984,0.00354722805296098,0.0581965813845182,0.0394849878014048,0.00326322868904079,0.00689865055332265,1,0.00262637423572495,0.00371804345331164,0.00293270479553055,0.00824630816216846,0.0668638743591591,0.00213074285741651,0.0143574601419938,0.00517258545484081,0.00293746814430876,0.00617924733601338,0.00342725586943229,0.0147617767204298,0.0195144603904222,0.0196816984581707,0.010111673563989,0.0660212853329041,0.00405166908349611,0.013750653032276,0.00975650878440866,0.00792470285537615,0.00358241893470267,0.00385687652345344,0.0582822431236568,0.0542426428966486,0.0144410986784536,0.00953188084217939,0.00512100083514493,0.0152696301890303,0.00445360030529145,0.00396310831259051,0.0119597661714811,0.0100562117637392,0.00307601314029557,0.00385550214051648,0.00554164217735533,0.00253673902610849,0.00357865422361063,0.0660068270803471,0.00944473688919404,0.0081556782402639,0.00289937785077688,0.00412518349146085,0.0024455504425608,0.00524839946248003,0.00391551479022399,0.015183597323329,0.00510104445264207,0.00476642983067127,0.00394071812018306,0.005482755591143,0.0145193506822209,0.00335133814861759,0.0143097110089896,0.00303144753075581,0.0561209401036566,0.00273272444834034,0.00502442896158948,0.003911254442785,0.00789105817010515
"contrato",0.00351346470262956,0.00398601590916872,0.00304727143086596,0.011323944636279,0.0109482279263774,0.0306536659086476,0.0160060654384958,0.0135516610854424,0.00884323292596377,0.00326831457252478,0.00246868466277628,0.00461265789559612,0.0292281195116786,0.0111813835649296,0.00263867206299868,0.0155580244298602,0.00343695522735931,0.0269242587041099,0.00180834703226219,0.00405941673025558,0.00538461551973524,0.0123775465970495,0.00262637423572495,0.999999999999999,0.0376773258345791,0.00552660776133538,0.00351573182853048,0.00453277392058841,0.0210732037706706,0.0199926616926616,0.0351669739148231,0.0150917941743257,0.0141746094443386,0.0158349572596832,0.0281627001585229,0.0094387855441347,0.00922665441534431,0.00774557178627725,0.00221627308666248,0.00891369683604998,0.0107495860302891,0.00408846807378379,0.0140973478677498,0.0104954192014748,0.0057251566813286,0.00219752835798341,0.00167952772771418,0.00226795590272725,0.00365646497915,0.00557768875234779,0.00317179982921331,0.007069355921448,0.0104271392767751,0.0039789088241057,0.00573947952582789,0.0288785353602447,0.0166224490099214,0.00351934840442963,0.0122137457657469,0.00435405340696879,0.00227297012622124,0.00942199608327972,0.00359350704530203,0.00656000638014686,0.0213920061156381,0.0162287407726969,0.0139403912806443,0.0536046570627633,0.00273516515882142,0.00916513415002294,0.0111035659449775,0.00552126548086599,0.00566184331983206,0.0083599430292668,0.00456017256296578,0.00228251389808556,0.0250395637377098,0.00177700793311529,0.00656945027703475,0.0060709788292144,0.00327062304846677,0.00581340050642159
"correo",0.00236966104790318,0.00525542998949517,0.00286129887741844,0.00399651157741393,0.00596129385917496,0.028834922551298,0.0139910839866191,0.00669502655307676,0.00808141558048534,0.00310115941423138,0.0027178080310035,0.00325209411267848,0.0346149809314955,0.0248771161243331,0.00686713408083533,0.0239906942253814,0.00247811531849988,0.0064814494215901,0.00188569669842734,0.00389865101360304,0.0025333757908856,0.00825270808573868,0.00371804345331164,0.0376773258345791,0.999999999999999,0.00436919858434619,0.00317514790978391,0.0106290472677454,0.00830217751125337,0.0362865529678802,0.0287546490179592,0.0313593722992298,0.0152215449559885,0.0147503774022063,0.015558840136926,0.00767459730518403,0.00605535114153313,0.0189909769910306,0.0027515962594846,0.00333126007083175,0.0154246837085264,0.00774502628953202,0.0118244275102426,0.0043001941825268,0.00580675330084094,0.00261258876055753,0.00199876143401182,0.00194549255314875,0.00753681266501648,0.00763344989492927,0.00389348623623411,0.00676496943476318,0.00539461025592991,0.00658098264434524,0.00693486708432954,0.0367817304676201,0.0121506570392332,0.0032108515092933,0.00389772422979009,0.00394037029217076,0.00280072149659435,0.00410763625008004,0.00297160959350681,0.00334890213311629,0.0142028706380717,0.00996803027387565,0.00956470655948245,0.0235436870802651,0.00291056750076209,0.0060268867506177,0.00734413750449431,0.0065450998373028,0.00408699956458436,0.00599268616180082,0.00410814998583776,0.00202870573495031,0.026735770798068,0.00200146818882457,0.00423176967219472,0.0073845368564543,0.00293350064231709,0.00488262176212677
